0 -2087.5 1297.5
1 -1252.5 1297.5
2 -417.5 1295.0
3 417.5 1297.5
4 1252.5 1297.5
5 2087.5 1297.5
6 -2087.5 862.5
7 -1252.5 867.5
8 -417.5 862.5
9 417.5 867.5
10 1252.5 862.5
11 2087.5 862.5
12 -2087.5 427.5
13 -1252.5 427.5
14 -417.5 427.5
15 417.5 427.5
16 1252.5 425.0
17 2087.5 425.0
18 -2087.5 -12.5
19 -1252.5 -12.5
20 -417.5 -10.0
21 417.5 -10.0
22 1252.5 -10.0
23 2087.5 -7.5
24 -2087.5 -441.5
25 -1252.5 -445.0
26 -417.5 -435.0
27 417.5 -437.5
28 1252.5 -440.0
29 2087.5 -437.5
30 -2087.5 -867.5
31 -1252.5 -871.0
32 -417.5 -865.0
33 417.5 -865.0
34 1252.5 -865.0
35 2087.5 -867.5
36 -2087.5 -1295.0
37 -1252.5 -1295.0
38 -417.5 -1295.0
39 417.5 -1295.0
40 1252.5 -1295.0
41 2087.5 -1295.0