#RUN STARTTIME(UNIX) DURATION
1046
1087
1094
1101
1108
1109
1115
1116
1122
1123
1129 1691323564 30044
1130 1691353815 31406
1136 1691399654 35576
1152 1691753413 32403
1153 1691786548 32737
1159 1691836006 13517
1160 1691868633 33587
1166 1691919871 34170
1167 1691954182 34444
1181 1692177177 10782
1182 1692188210 26617
1183 1692215152 42233
1186 1692344035 42166
1187 1692386539 36422
1191 1692437069 34796
1192 1692472405 34983
1196 1692524261 34573
1197 1692558934 35381
1201 1692608898 35342
1202 1692644384 39617
1206 1692708135 33494
1207 1692742555 24488
1212 1692806119 46586
1213 1692852827 53084
1214 1692906371 6615
1280 1710107812 37049
1284 1710185382 37137
1285 1710223628 37692
1290 1710281772 27330
1291 1710310278 36129
1295 1710360798 36972
1296 1710397943 34209
1330 1710773141 10416
1340 1710849068 1319
1341 1710850557 17328
1348 1710880346 18020
1349 1710898460 19020
1350 1710917629 3882
1354 1710938175 17999
1355 1710956368 16543
1356 1710973014 17245
1357 1710990379 206
1358 1710990961 17451
1363 1711025533 15977
1364 1711041616 17079
1365 1711058868 17462
1366 1711076760 16888
1370 1711108747 15845
1371 1711124677 18481
1372 1711143251 17948
1373 1711161323 17822
1377 1711193134 19400
1378 1711212658 18146
1379 1711230932 18473
1380 1711249561 17643
1384 1711280628 5911
1385 1711286775 12557
1386 1711299439 17969
1387 1711317505 18135
1388 1711335737 18170
1392 1711368809 18429
1393 1711387325 17130
1394 1711404555 17895
1395 1711422559 18796
1399 1711454302 17368
1400 1711471750 17837
1401 1711489685 18489
1402 1711508287 18091
1405 1711546121 720
1408 1711548619 18136
1409 1711566843 21823
1410 1711588774 22239
1546 1744303364 39963
1547 1744343751 16444
1548 1744360778 900
1563 1744414956 17362
1564 1744432795 28799
1567 1744462680 43199
1568 1744505890 25749
1569 1744532673 15410
1572 1744549164 43200
1573 1744592374 43200
1574 1744635584 12600
1577 1744649254 43200
1578 1744692885 36525
1581 1744730482 42249
1582 1744773199 43199
1585 1744818253 10759
1586 1744829570 6529
1587 1744836577 2647
1588 1744839376 15393
1589 1744855025 43200
1592 1744899307 43199
1593 1744942517 14246
1594 1744957156 15442
1604 1744996517 43199
1605 1745039726 28800
1608 1745069594 43200
1609 1745112805 18572
1610 1745131895 29621
1613 1745162613 43200
1614 1745205823 40068
1617 1745246956 43200
1618 1745290168 43200
1621 1745334636 43200
1622 1745377847 5692
1623 1745384104 32933
1626 1745418109 43199
1627 1745461320 10084
1628 1745472731 11052
1629 1745484200 10035
1632 1745495853 43200
1633 1745539065 34874
1643 1745597313 43200
1644 1745640523 36841
1647 1745679487 43200
1648 1745722698 35415
1651 1745759223 43200
1652 1745802436 13585
1653 1745816441 16357
1654 1745833238 627
1657 1745835601 232
1658 1745836275 1360
1659 1745838006 43199
1660 1745902814 29959
1663 1745933847 43200
1664 1745977059 43200
1667 1746021528 12417
1668 1746034286 43199
1669 1746077496 27965
1672 1746106530 43199
1673 1746149740 36599
1683 1746209560 33933
1684 1746243883 35574
1687 1746280853 43200
1688 1746324064 28032
1689 1746352446 18184
1692 1746371777 43200
1693 1746414988 43200
1696 1746459421 43200
1697 1746502633 37811
1700 1746541561 22707
1701 1746564801 5742
1702 1746570954 413
1703 1746571936 43200
1704 1746615147 18061
1707 1746634398 955
1708 1746635825 43200
1709 1746679034 39599
1712 1746719758 43200
1713 1746762969 21153
1724 1746810163 36714
1725 1746853373 35061
1728 1746889529 56208
1730
1733 1746975434 43200
1734 1747027646 16129
1737 1747045565 43198
1738 1747088775 28512
1739 1747118145 12954
1742 1747132218 14893
1743 1747148121 3563
1744 1747152176 43199
1745 1747195387 2963
1746 1747198925 17627
1749 1747217702 972
1750 1747219055 15372
1751 1747235041 1109
1752 1747236879 9164
1753 1747246423 43200
1754 1747289635 23856
1757 1747314666 43199
1758 1747357877 31744
1770 1747418363 43200
1771 1747461575 27261
1774 1747489917 43200
1775 1747533130 40700
1778 1747574926 43199
1779 1747618137 40989
1782
1783 1747718544 836
1784 1747719760 26875
1787 1747747741 43200
1788 1747790951 43200
1792 1747836690 43199
1793 1747879902 9987
1794 1747890427 19767
1797 1747911276 43199
1798 1747954487 32974
2011 1748013995 23479
2012 1748037589 43200
2013 1748080800 19505
2016 1748101372 43200
2017 1748144584 29010
2020 1748174721 39514
2021 1748214435 43200
2024 1748258776 11995
2027 1748271974 43200
2028 1748315185 16376
2029 1748331952 28359
2032 1748362053 43200
2033 1748405264 34553
2036 1748440975 43200
2037 1748484185 43200
2041 1748528695 43200
2042 1748571906 25873
2058 1748621117 43200
2059 1748664327 35441
2062 1748700888 43200
2063 1748744099 15173
2064 1748759692 26471
2067 1748787247 43200
2068 1748830459 43200
2071 1748874750 43200
2072 1748917962 41105
2075 1748960386 533
2076 1748961365 2502
2077 1748964333 4651
2078 1748969995 3416
2079 1748974385 23712
2080 1748998596 42568
2083 1749042322 16319
2084 1749060180 314
2085 1749061150 40308
2086 1749101907 29804
2089 1749132858 43200
2090 1749176070 27694
2108
2109
2112
2113
2118 1749403566 43200
2119
2122
2123
2126
2127
2128 1749616651 31197
2131 1749648914 28907
2132 1749678283 43200
2133 1749721493 2135
2136 1749724876 43200
2137 1749768088 31956
2153 1749823140 43200
2154 1749866351 40353
2157 1749907786 43200
2158 1749950999 43199
2159 1749994209 15635
2162 1750010914 43200
2163 1750054125 34105
2166 1750089328 43199
2167 1750132539 37358
2170 1750171378 43200
2172 1750221629 16023
2173 1750238024 20822
2176 1750260048 24920
2177 1750285350 2488
2178 1750288274 43200
2181 1750332615 43200
2182 1750375828 19456
2183 1750395766 14885
2683 1752083710 43200
2686 1752135916 21601
2689 1752158609 43200
2690 1752201822 20638
2727 1752270073 28474
2728 1752298965 37738
2731 1752337826 39729
2732 1752377951 242
2733 1752378771 43103
2736 1752423153 39813
2737 1752463506 7052
2738 1752471684 30865
2741 1752504165 43200
2742 1752547376 2754
2744 1752551040 38269
2747 1752590822 43200
2748 1752634032 42050
2751 1752677508 39679
2752 1752719168 2487
2753 1752722224 16524
2769 1752763908 4406
2770 1752769856 40029
2771 1752810608 35242
2774 1752846988 43200
2775 1752890200 43200
2778 1752934596 43200
2779 1752977806 35073
2782 1753014617 43200
2783 1753057827 10597
2784 1753069389 39691
2787 1753110244 43200
2788 1753153455 3358
2789 1753157478 33557
2792 1753192224 43200
2793 1753235434 8817
2794 1753245982 30795
2797 1753277909 43200
2798 1753321119 6472
2799 1753328451 35480
2802 1753365154 43200
2803 1753408364 5561
2804 1753414478 255
2805 1753415256 17908
2872 1753711270 900
2873 1753715764 42849
2874 1753759083 38076
2877 1753798534 43200
2878 1753841744 43200
2879 1753884954 491
2882 1753886849 43200
2883 1753930060 3182
2884 1753933634 17077
2900 1753974278 38173
2901 1754013361 4383
2903 1754034744 28110
2906 1754064074 43200
2907 1754107285 42095
2910 1754150542 43200
2911 1754193752 36007
2914 1754230882 43200
2915 1754274093 43200
2916 1754317305 13484
2919 1754331952 43200
2920 1754375164 3743
2921 1754379627 25116
2924 1754406004 43200
2925 1754449215 1796
2926 1754451770 20100
2942 1754495386 40588
2945 1754538483 43200
2948 1754582827 43200
2949 1754626038 43199
2952 1754670405 39521
2953 1754710580 43200
2956 1754754895 43200
2957 1754798106 42592
2960 1754841814 43199
2961 1754885025 43200
2964 1754929379 39050
2965 1754969195 24725
2980 1755015910 43200
2981 1755059121 43200
2982 1755102330 44
2985 1755103531 37548
2986 1755141804 43200
2989 1755186153 43200
2990 1755229363 43200
2993 1755273702 40542
2994 1755314679 43200
2995 1755357889 8
2998 1755359064 43200
2999 1755402276 43200
3002 1755446600 40113
3003 1755487275 24558
3019 1755535329 37699
3020 1755574877 40875
3023 1755616958 42888
3024 1755660378 36116
3027 1755697620 43200
3028 1755740831 4972
3029 1755746407 43200
3032 1755790905 43200
3033 1755834116 43198
3036 1755879368 43200
3037 1755922578 40688
3040 1755964448 43200
3041 1756007659 41649
3044 1756050605 43200
3045 1756093816 15294
3061 1756132746 43200
3062 1756175957 43200
3065 1756220701 43200
3066 1756263912 43200
3069 1756308413 19867
3070 1756328977 43200
3071 1756372188 22475
3076 1756398654 39011
3077 1756438305 43200
3080 1756482705 43200
3081 1756525917 35217
3084 1756562451 43200
3085 1756605663 43200
3088 1756650135 43200
3105 1756734003 43200
3107 1756784074 43200
3110 1756828467 17861
3111 1756847072 43200
3113 1756893450 20815
3116 1756915438 39849
3117 1756956257 43200
3120 1757000594 43199
3121 1757043805 43200
3124 1757088270 41410
3125 1757130259 43200
3128 1757174570 43200
3129 1757217782 43200
3132 1757262119 43200
3133 1757305331 17044
3149 1757345898 41522
3150 1757387989 43200
3153 1757434059 43200
3154 1757477269 43200
3157 1757521641 39568
3158 1757561639 43200
3161 1757606047 43200
3162 1757649257 43200
3165 1757693619 40125
3166 1757734311 43200
3169 1757778676 43200
3170 1757821888 43200
3173 1757866248 43200
3174 1757909459 19501
3190 1757952421 39323
3191 1757992281 43200
3194 1758036747 43200
3196 1758083826 40636
3199 1758127129 38054
3200 1758165564 40983
3203 1758207678 43200
3204 1758250890 42697
3207 1758294702 43200
3208 1758337913 3982
3209 1758342694 36810
3212 1758380717 32828
3213 1758414418 33299
3214 1758447738 27383
3217 1758476237 43200
3218 1758519450 20134
3221 1758542116 1800
3222 1758543927 1800
3223 1758545738 1800
3224 1758547549 1800
3225 1758549360 1800
3226 1758551171 1800
3227 1758552981 1800
3228 1758554791 1800
3229 1758556601 1800
3230 1758558412 1800
3231 1758560222 1800
3232 1758562034 1800
3233 1758563843 1800
3234 1758565654 1800
3235 1758567465 1800
3236 1758569274 1800
3238 1758571770 24991
3239 1758597352 43200
3242 1758641694 43200
3243 1758684905 43199
3246 1758729258 40011
3247 1758771028 32390
3248 1758803804 18160
3251 1758823144 43200
3253 1758876594 20714
3256 1758898726 43200
3257 1758941937 1317
3258 1758943741 43200
3261 1758988076 43200
3262 1759031286 43200
3263 1759074498 27
3267 1759075667 43200
3269 1759136013 22354
3272 1759159561 1800
3273 1759161370 1800
3274 1759163181 1800
3275 1759164990 1800
3276 1759166800 1800
3277 1759168610 1800
3278 1759170420 1800
3279 1759172230 1800
3280 1759174040 1800
3281 1759175850 1800
3282 1759177661 1800
3283 1759179471 1800
3284 1759181823 20543
3285 1759203015 39014
3288 1759243598 43200
3290 1759317048 24192
3293 1759343131 32050
3294 1759395982 29931
3298 1759427670 43200
3299 1759470883 34736
3302 1759506807 43199
3306 1759593425 43200
3307 1759636635 43200
3308 1759679846 18152
3311 1759699500 43200
3312 1759742711 20923
3316 1759766270 1800
3317 1759768080 1800
3318 1759769890 1800
3319 1759771700 1800
3322 1759776151 1800
3323 1759777959 1800
3324 1759779770 1800
3325 1759781581 1800
3326 1759783391 1800
3327 1759785201 40
3328 1759785667 1800
3329 1759787477 1800
3330 1759789288 1800
3332 1759791853 43200
3333 1759835065 11175
3336 1759848221 43200
3337 1759891432 41399
3340 1759933958 43200
3341 1759977170 1984
3342 1759980698 37800
3345 1760019600 43200
3346 1760062811 43199
3347 1760106022 6913
3350 1760114039 43200
3351 1760157250 34209
3354 1760192569 43200
3355 1760235780 4700
3356 1760241436 33424
3359 1760275939 43199
3360 1760319151 22491
3363 1760342781 1800
3364 1760344591 1800
3365 1760346400 1800
3366 1760348210 1475
3367 1760362785 1800
3368 1760364607 1800
3369 1760366416 1800
3370 1760368226 1800
3371 1760370037 1800
3372 1760371846 1800
3373 1760373656 1800
3374 1760375466 1800
3375 1760377275 1801
3376 1760379086 1800
3377 1760380895 1800
3378 1760382705 1800
3380 1760384735 1800
3382 1760388357 1800
3383 1760390168 1800
3384 1760391979 1800
3385 1760393790 1800
3386 1760395600 1800
3387 1760397412 1800
3388 1760399223 1800
3389 1760401034 1800
3390 1760402844 1800
3391 1760404655 1800
3392 1760406465 1800
3393 1760408277 1800
3394 1760410088 1384
3395 1760412247 1800
3396 1760414057 1800
3398 1760417676 1800
3399 1760419487 1800
3400 1760425949 1801
3401 1760427760 1800
3402 1760429570 900
3403 1760430655 20370
3406 1760452221 43200
3407 1760495432 1960
3408 1760498414 40446
3411 1760540115 21901
3412 1760562634 21354
3413 1760585090 41196
3416 1760627481 43200
3417 1760670692 16508
3418 1760687546 24877
3421 1760713573 43200
3422 1760756784 39796
3425 1760797749 43200
3426 1760840960 43200
3427 1760884171 925
3430 1760886440 43200
3431 1760929651 24199
3434 1760955091 1800
3435 1760956901 1800
3436 1760958711 1801
3437 1760960522 1800
3438 1760962331 1800
3439 1760964140 1800
3440 1760965951 1800
3441 1760967760 1800
3442 1760969570 1800
3443 1760971381 1800
3444 1760973190 1800
3445 1760975001 1800
3447 1760977563 42115
3448 1761020072 33706
3451 1761055242 43200
3452 1761098455 10526
3453 1761109373 27907
3456 1761138521 43200
3457 1761181732 7574
3458 1761189695 36031
3461 1761226906 43200
3462 1761270117 41229
3465 1761312486 43199
3466 1761355696 7197
3467 1761363541 42259
3470 1761406985 43199
3471 1761450198 37898
3474 1761489253 43200
3475 1761532464 41629
3478 1761575526 17
3479 1761576715 43200
3480 1761619928 4512
3481 1761624833 43200
3484 1761669350 43199
3485 1761712560 41399
3488 1761755086 43200
3489 1761798297 217
3490 1761798889 42027
3493 1761841989 43199
3494 1761885201 43200
3497 1761929467 43200
3498 1761972678 41460
3501 1762015211 43199
3502 1762058422 42737
3505 1762102221 43200
3506 1762145431 28843
3509 1762175337 1800
3510 1762177147 1800
3511 1762178955 1800
3512 1762180765 1800
3513 1762182575 1800
3514 1762186626 1800
3515 1762188436 1800
3516 1762190245 1800
3517 1762192054 1800
3518 1762193863 1800
3519 1762195671 1800
3520 1762197481 1800
3522 1762199804 33309
3523 1762233497 42149
3526 1762276779 43200
3527 1762319990 42590
3530 1762363671 42117
3531 1762406267 42467
3534 1762449830 43200
3535 1762493041 42553
3538 1762536692 41659
3539 1762578784 38535
3542 1762618673 43199
3543 1762661884 43200
3544 1762705093 148
3547 1762706805 43200
3548 1762750017 43164
3551 1762794292 40444
3552 1762835248 26425
3555 1762862870 1800
3556 1762864680 1800
3557 1762866490 1800
3558 1762868300 1800
3559 1762870109 1800
3560 1762871919 1800
3561 1762873729 1800
3562 1762875540 1800
3563 1762877350 1800
3564 1762879160 1800
3565 1762880970 1800
3566 1762882781 1800
3568 1762885284 43200
3569 1762928495 39226
3572 1762969039 43200
3573 1763012249 41928
3576 1763055621 37732
3577 1763093957 43200
3580 1763138773 43199
3581 1763181984 42124
3584 1763225309 43200
3585 1763268519 40587
3588 1763310297 43200
3589 1763353507 43199
3592 1763397884 42952
3593 1763441216 43200
3596 1763485512 43200
3597 1763528722 43200
3600 1763573393 39165
3601 1763612938 43200
3604 1763657214 43200
3605 1763700424 8063
3606 1763743636 40914
3607 1763784920 43199
3610 1763829249 43200
3611 1763872462 43200
3614 1763916728 43200
3615 1763959939 30639
3618 1763991665 43199
3619 1764034876 9969
3620 1764045253 20890
3623 1764067225 1800
3624 1764069036 1800
3625 1764070847 1800
3626 1764072659 1800
3627 1764074469 1800
3628 1764076280 1800
3629 1764078090 1800
3630 1764079902 1800
3631 1764081713 1800
3632 1764083524 1800
3633 1764085334 1800
3634 1764087145 1800
3636 1764089872 43199
3637 1764133082 43200
3640 1764177462 38914
3641 1764216764 43200
3644 1764261092 43200
3645 1764304304 43200
3648 1764348624 43200
3649 1764391835 43200
3652 1764436166 43200
3653 1764479376 43200
3656 1764523678 43200
3657 1764566889 43200
3660 1764611209 43200
3661 1764654421 37496
3664 1764693124 43200
3665 1764736335 43132
3668 1764780631 43200
3669 1764823843 39914
3672 1764864899 43200
3673 1764908112 43199
3676 1764952384 41752
3677 1764994720 41877
3680 1765037716 43200
3681 1765080926 43200
3684 1765125237 43200
3685 1765168449 29815
3688 1765199661 1800
3689 1765201472 1800
3690 1765203283 1800
3691 1765205094 1800
3692 1765206905 1800
3693 1765208716 1800
3694 1765210526 1800
3695 1765212336 1800
3696 1765214146 1800
3697 1765215956 1800
3698 1765217766 1800
3699 1765219576 1800
3701 1765222208 31164
3702 1765253933 43199
3703 1765297143 36
3706 1765298401 43200
3707 1765341612 40078
3710 1765382775 55851
3711 1765438654 31778
3714 1765471726 43199
3715 1765514938 43200
3716 1765558149 1610
3719 1765560880 38381
3720 1765601395 42733
3723 1765645292 42247
3724 1765688257 40266
3727 1765729636 42692
3728 1765772747 42717
3731 1765816642 43199
3732 1765859853 43200
3735 1765904334 43199
3736 1765947543 43199
3739 1765992019 43200
3740 1766035230 43200
3743 1766079739 36933
3744 1766117553 43200
3747 1766162081 43200
3748 1766205291 43200
3751 1766249762 30183
3752 1766280591 43199
3755 1766324952 43200
3756 1766368163 8112
3757 1766376865 29030
3760 1766407348 22664
3761 1766430053 4010
3762 1766434533 43200
3763 1766477746 42545
3766 1766521387 43200
3767 1766564599 43200
3768 1766607810 703
3771 1766610018 43199
3772 1766653230 31227
3775 1766685589 43199
3776 1766728800 40902
3779 1766770823 43200
3780 1766814034 42797
3783 1766857961 43199
3784 1766901171 41796
3787 1766944065 43200
3788 1766987277 10613
3791 1767000779 1800
3792 1767002590 1800
3793 1767004400 1800
3794 1767006210 1800
3795 1767008019 1800
3796 1767009829 1800
3797 1767011638 1800
3798 1767013447 1800
3799 1767015256 1800
3800 1767017066 1800
3801 1767018876 1800
3802 1767020686 1800
3804 1767023154 43200
3805 1767066365 43200
3806 1767109576 4675
3809 1767115357 43200
3810 1767158569 40948
3813 1767200602 43199
3814 1767243812 43200
3817 1767288094 43200
3818 1767331305 43198
3821 1767375598 43199
3822 1767418809 40902
3825 1767460807 43198
3826 1767504017 43200
3827 1767547227 263
3830 1767548575 43199
3831 1767591787 36217
3834 1767629107 43200
3835 1767672318 42695
3838 1767716378 43200
3839 1767759589 42581
3842 1767803419 43200
3843 1767846631 42294
3846 1767890868 21600
3847 1767912480 21600
3848 1767934091 21600
3849 1767955702 19051
3852 1767976001 24860
3853 1768001349 43200
3854 1768044561 20205
3857 1768066252 43199
3858 1768109464 39132
3861 1768150049 43199
3862 1768193262 23680
3865 1768218443 1800
3866 1768220252 1800
3867 1768222062 1801
3868 1768223874 1800
3869 1768225684 1800
3870 1768227493 1800
3871 1768229304 1800
3872 1768231113 1800
3873 1768232924 1800
3874 1768234733 1800
3875 1768236543 1800
3876 1768238353 1800
3878 1768241681 43199
3879 1768284893 41185
3882 1768327355 43199
3883 1768370566 41020
3886 1768412908 43199
3887 1768456120 43200
3888 1768499331 1198
3891 1768501739 43200
3892 1768544950 37178
3895 1768583249 5222
3896 1768589298 43200
3897 1768632510 43200
3898 1768675719 8189
3902 1768685061 43200
3903 1768728273 26145
3906 1768755534 43200
3907 1768798745 43057
3910 1768843165 42228
3911 1768885922 40652
3914 1768927735 43200
3915 1768970946 1017
3916 1768972454 42061
3919 1769015656 42308
3920 1769058458 43200
3923 1769102894 41854
3924 1769145216 43199
3927 1769189564 43200
3928 1769232774 36491
3929 1769270707 12581
3932 1769284479 32431
3933 1769317401 43200
3936 1769362022 43199
3937 1769405233 19173
3940 1769425586 1800
3941 1769427397 1800
3942 1769429206 1800
3943 1769431016 1800
3944 1769432825 1800
3945 1769434634 769
3946 1769436090 1801
3947 1769437900 1801
3948 1769439711 563
3949 1769441192 1800
3950 1769443001 1800
3951 1769444811 1800
3952 1769446621 1800
3953 1769448430 1800
3955 1769451143 43200
3956 1769494355 39053
3959 1769534494 43199
3960 1769577704 42683
3963 1769621478 43200
3964 1769664689 18027
3965 1769683144 22852
3968 1769707082 43200
3969 1769750293 42016
3972 1769793387 43199
3973 1769836598 42280
3976 1769880492 43200
3977 1769923703 41263
3980 1769966037 43200
3981 1770009247 21606
3982 1770030867 10800
3983 1770041682 10801
3986 1770053551 43200
3987 1770096763 41554
3990 1770139493 43200
3991 1770182705 41310
3994 1770225129 43200
3995 1770268340 42673
3998 1770312183 43200
3999 1770355396 12679
4000 1770368697 28316
4003 1770400610 43200
4004 1770443820 40275
4007 1770485243 43200
4008 1770528454 41614
4011 1770571164 43200
4012 1770614376 18288
4015 1770633819 1800
4016 1770635630 1800
4017 1770637441 1800
4018 1770639250 1800
4019 1770641060 1800
4020 1770642869 1800
4021 1770644678 1800
4022 1770646488 1800
4023 1770648298 1800
4024 1770650107 1800
4025 1770651918 1800
4026 1770653727 1800
4028 1770656381 43199
4029 1770699591 43200
4032 1770743878 43200
4033 1770787089 40280
4036 1770828788 43200
4037 1770872001 42316
4040 1770915965 43200
4041 1770959176 41985
4044 1771002311 43200
4045 1771045524 41128
4048 1771087888 43200
4049 1771131099 41778
4052 1771174396 43200
4053 1771217609 43200
4054 1771260821 560
4057 1771262772 43200
4058 1771305985 43200
4062 1771350342 43200
4063 1771393553 42009
1047 1678211498 60
1048 1678211742 10800
1051 1678224112 33318
1054 1678298628 44085
1055 1678386666 10960
1059 1678464460 11104
1062 1678477232 45034
1063 1678522710 10815
1066 1678535193 25750
1086 1690825402 10800
1090 1690868523 12965
1093 1690883357 36558
1097 1690954621 12116
1100 1690970219 37627
1105 1691045071 18250
1112 1691129502 15219
1119 1691217556 13751
1126 1691302993 17967
1137 1691435495 39015
1138 1691474642 43870
1139 1691518652 36983
2204 1750493319 1800
2205 1750495128 1800
2206 1750496937 1800
2207 1750498746 1800
2208 1750500555 1800
2209 1750502365 1800
2210 1750504174 1800
2211 1750505983 1800
2212 1750507792 1800
2213 1750509602 1800
2214 1750511411 1800
2215 1750513220 1801
2216 1750515031 1800
2217 1750516841 1800
2218 1750518651 1800
2219 1750520460 1800
2220 1750522270 1800
2221 1750524079 1800
2222 1750525888 1800
2223 1750527697 1800
2224 1750529507 1800
2225 1750531316 1800
2226 1750533125 1800
2227 1750534935 1800
2228 1750536744 1346
2229 1750538925 1800
2230 1750540734 1800
2231 1750542543 1800
2232 1750544352 1800
2233 1750546161 1800
2234 1750547971 1800
2235 1750549781 1800
2236 1750551590 1800
2237 1750553399 1800
2238 1750555208 1800
2239 1750557017 1800
2240 1750558827 808
2241 1750560637 1800
2242 1750562446 1800
2243 1750564255 1800
2244 1750566064 1800
2245 1750567874 1800
2246 1750569683 1800
2247 1750571492 1800
2248 1750573301 1800
2249 1750575110 1800
2250 1750576921 1800
2251 1750578730 235
2252 1750579658 1800
2253 1750581467 1800
2254 1750583278 1800
2257 1750586250 1800
2258 1750588060 1800
2259 1750589871 1800
2260 1750591681 1800
2261 1750593491 1800
2262 1750595301 1800
2263 1750597112 1800
2264 1750598922 1800
2265 1750600732 1800
2266 1750602541 1800
2267 1750604351 1800
2268 1750606161 1800
2269 1750607970 1801
2270 1750609782 1800
2271 1750611591 1800
2272 1750613401 1800
2273 1750615211 1800
2274 1750617020 1800
2275 1750618830 1800
2276 1750620641 1800
2278 1750624281 1800
2279 1750626091 1800
2280 1750627901 1800
2281 1750629711 1800
2282 1750631520 1800
2283 1750633330 1800
2284 1750635140 1800
2285 1750636950 1800
2286 1750638760 1800
2287 1750640569 1800
2288 1750642379 1800
2289 1750644189 1800
2290 1750645998 1801
2291 1750647809 1800
2292 1750649619 1800
2293 1750651429 1800
2294 1750653238 1800
2295 1750655048 1800
2296 1750656858 1800
2297 1750658668 1800
2369 1750883044 1800
2370 1750926541 1800
2371 1750928350 1800
2372 1750930161 1800
2373 1750931972 104
2374 1750932491 1800
2375 1750946873 1800
2376 1750948683 1800
2377 1750950492 1800
2378 1750952302 34
2381 1750953502 1800
2382 1750955312 1800
2383 1750957122 1800
2384 1750958932 1800
2385 1750960743 1800
2386 1750962554 1800
2387 1750964366 1800
2388 1750966177 1800
2389 1750967988 1800
2390 1750969799 1800
2391 1750971611 1800
2392 1750973422 1800
2393 1750975233 1800
2394 1750977044 1800
2395 1750978855 1800
2396 1750980665 1800
2397 1750982477 1800
2398 1750984288 1800
2399 1750986099 1800
2400 1750987909 1800
2401 1750989719 1800
2402 1750991530 1800
2403 1750993342 1800
2404 1750995153 473
2405 1750996141 81
2406 1750996699 1800
2407 1750998510 1800
2408 1751000321 1800
2409 1751002131 1800
2410 1751003941 1800
2411 1751005752 1800
2412 1751007563 1800
2413 1751009373 1800
2414 1751011183 1800
2415 1751012994 1800
2416 1751014804 1800
2417 1751016615 1800
2418 1751018425 1801
2419 1751020238 1800
2420 1751022048 1800
2421 1751023858 1801
2422 1751025670 1800
2425 1751028593 1800
2426 1751030404 1800
2427 1751032215 1800
2428 1751034026 1800
2429 1751035836 1800
2430 1751037646 1800
2431 1751039457 1800
2432 1751041267 1800
2433 1751043077 1800
2434 1751044888 1800
2435 1751046698 1800
2436 1751048508 1800
2437 1751050319 1800
2438 1751052128 1800
2439 1751053939 1800
2440 1751055748 1800
2441 1751057558 1801
2442 1751059369 1800
2443 1751061180 1801
2444 1751062992 1800
2445 1751064803 1800
2446 1751066614 1800
2447 1751068424 1801
2448 1751070235 1800
2449 1751072046 1800
2450 1751073857 1800
2451 1751075667 1800
2452 1751077476 1800
2453 1751079287 1800
2454 1751081098 1800
2455 1751082908 1800
2456 1751084719 1800
2457 1751086531 1800
2458 1751088341 1800
2459 1751090153 1800
2460 1751091962 1800
2461 1751093772 1800
2462 1751095581 1800
2463 1751097392 1800
2464 1751099202 1800
2465 1751101014 1800
2466 1751102824 1800
2467 1751104635 1800
2468 1751106446 1800
2469 1751108258 1800
2470 1751110068 1800
2471 1751111879 1800
2472 1751113690 1800
2473 1751115501 1284
2476 1751118241 1800
2477 1751120050 1800
2478 1751121861 1800
2479 1751123672 1801
2480 1751125483 1800
2481 1751127294 1800
2482 1751129105 1800
2483 1751130915 1800
2484 1751132726 1800
2485 1751134536 1800
2486 1751136346 1801
2487 1751138158 1800
2488 1751139970 1800
2489 1751141780 1800
2490 1751143591 1800
2491 1751145401 1800
2492 1751147213 1800
2493 1751149024 1800
2494 1751150835 1800
2495 1751152646 1800
2496 1751154456 1800
2497 1751156266 1800
2498 1751158077 1800
2499 1751159888 1800
2500 1751161698 1800
2501 1751163509 1800
2502 1751165319 1800
2503 1751167129 1800
2504 1751168939 1799
2505 1751170750 1801
2506 1751172562 1800
2507 1751174373 1800
2508 1751176185 1800
2509 1751177996 1800
2510 1751179806 1801
2511 1751181617 1800
2512 1751183428 1800
2513 1751185239 1800
2514 1751187050 1800
2515 1751188861 1800
2516 1751190671 1800
2517 1751192481 1799
2518 1751194290 1800
2519 1751196101 1800
2520 1751197912 1800
2523 1751200822 1800
2524 1751202632 1800
2525 1751204442 1800
2526 1751206253 1800
2527 1751208064 1800
2528 1751209875 1800
2529 1751211686 1801
2530 1751213498 1800
2531 1751215309 1800
2532 1751217120 1800
2533 1751218931 1800
2534 1751220741 1800
2535 1751222551 1800
2536 1751224360 1800
2537 1751226170 1800
2538 1751227980 1799
2539 1751229789 1800
2540 1751231598 1800
2541 1751233408 1800
2542 1751235218 1800
2543 1751237029 1800
2544 1751238838 1800
2545 1751240649 1800
2546 1751242458 1800
2547 1751244269 1800
2548 1751246078 1799
2549 1751247889 1800
2550 1751249699 1800
2551 1751251510 1800
2552 1751253321 1800
2553 1751255133 1800
2554 1751256943 1801
2555 1751258754 1800
2556 1751260565 1800
2557 1751262375 1800
2558 1751264187 1800
2559 1751265997 1800
2560 1751267808 1800
2561 1751269619 1800
2562 1751271430 1800
2563 1751273240 1800
2564 1751275050 1800
2565 1751276861 1800
2566 1751278672 1800
2567 1751280482 1800
2568 1751282293 1800
2569 1751284104 1800
2570 1751285915 1800
