0 -2087.5 1317.5
1 -1252.5 1317.5
2 -417.5 1312.5
3 417.5 1317.5
4 1252.5 1317.5
5 2087.5 1317.5
6 -2087.5 882.5
7 -1252.5 887.5
8 -417.5 882.5
9 417.5 887.5
10 1252.5 882.5
11 2087.5 882.5
12 -2087.5 447.5
13 -1252.5 447.5
14 -417.5 447.5
15 417.5 447.5
16 1252.5 442.5
17 2087.5 442.5
18 -2087.5 2.5
19 -1252.5 2.5
20 -417.5 2.5
21 417.5 2.5
22 1252.5 2.5
23 2087.5 2.5
24 -2087.5 -442.5
25 -1252.5 -442.5
26 -417.5 -442.5
27 417.5 -437.5
28 1252.5 -442.5
29 2087.5 -442.5
30 -2087.5 -882.5
31 -1252.5 -887.5
32 -417.5 -882.5
33 417.5 -882.5
34 1252.5 -882.5
35 2087.5 -882.5
36 -2087.5 -1317.5
37 -1252.5 -1317.5
38 -417.5 -1317.5
39 417.5 -1317.5
40 1252.5 -1317.5
41 2087.5 -1317.5