0 -2460.5 -1554
1 -2460.5 -1295
2 -2460.5 -1036
3 -2460.5 -777
4 -2460.5 -518
5 -2460.5 -259
6 -2460.5 0
7 -2460.5 259
8 -2460.5 518
9 -2460.5 777
10 -2460.5 1036
11 -2460.5 1295
12 -2460.5 1554
13 -2201.5 -1554
14 -2201.5 -1295
15 -2201.5 -1036
16 -2201.5 -777
17 -2201.5 -518
18 -2201.5 -259
19 -2201.5 0
20 -2201.5 259
21 -2201.5 518
22 -2201.5 777
23 -2201.5 1036
24 -2201.5 1295
25 -2201.5 1554
26 -1942.5 -1554
27 -1942.5 -1295
28 -1942.5 -1036
29 -1942.5 -777
30 -1942.5 -518
31 -1942.5 -259
32 -1942.5 0
33 -1942.5 259
34 -1942.5 518
35 -1942.5 777
36 -1942.5 1036
37 -1942.5 1295
38 -1942.5 1554
39 -1683.5 -1554
40 -1683.5 -1295
41 -1683.5 -1036
42 -1683.5 -777
43 -1683.5 -518
44 -1683.5 -259
45 -1683.5 0
46 -1683.5 259
47 -1683.5 518
48 -1683.5 777
49 -1683.5 1036
50 -1683.5 1295
51 -1683.5 1554
52 -1424.5 -1554
53 -1424.5 -1295
54 -1424.5 -1036
55 -1424.5 -777
56 -1424.5 -518
57 -1424.5 -259
58 -1424.5 0
59 -1424.5 259
60 -1424.5 518
61 -1424.5 777
62 -1424.5 1036
63 -1424.5 1295
64 -1424.5 1554
65 -1165.5 -1554
66 -1165.5 -1295
67 -1165.5 -1036
68 -1165.5 -777
69 -1165.5 -518
70 -1165.5 -259
71 -1165.5 0
72 -1165.5 259
73 -1165.5 518
74 -1165.5 777
75 -1165.5 1036
76 -1165.5 1295
77 -1165.5 1554
78 -906.5 -1554
79 -906.5 -1295
80 -906.5 -1036
81 -906.5 -777
82 -906.5 -518
83 -906.5 -259
84 -906.5 0
85 -906.5 259
86 -906.5 518
87 -906.5 777
88 -906.5 1036
89 -906.5 1295
90 -906.5 1554
91 -647.5 -1554
92 -647.5 -1295
93 -647.5 -1036
94 -647.5 -777
95 -647.5 -518
96 -647.5 -259
97 -647.5 0
98 -647.5 259
99 -647.5 518
100 -647.5 777
101 -647.5 1036
102 -647.5 1295
103 -647.5 1554
104 -388.5 -1554
105 -388.5 -1295
106 -388.5 -1036
107 -388.5 -777
108 -388.5 -518
109 -388.5 -259
110 -388.5 0
111 -388.5 259
112 -388.5 518
113 -388.5 777
114 -388.5 1036
115 -388.5 1295
116 -388.5 1554
117 -129.5 -1554
118 -129.5 -1295
119 -129.5 -1036
120 -129.5 -777
121 -129.5 -518
122 -129.5 -259
123 -129.5 0
124 -129.5 259
125 -129.5 518
126 -129.5 777
127 -129.5 1036
128 -129.5 1295
129 -129.5 1554
130 129.5 -1554
131 129.5 -1295
132 129.5 -1036
133 129.5 -777
134 129.5 -518
135 129.5 -259
136 129.5 0
137 129.5 259
138 129.5 518
139 129.5 777
140 129.5 1036
141 129.5 1295
142 129.5 1554
143 388.5 -1554
144 388.5 -1295
145 388.5 -1036
146 388.5 -777
147 388.5 -518
148 388.5 -259
149 388.5 0
150 388.5 259
151 388.5 518
152 388.5 777
153 388.5 1036
154 388.5 1295
155 388.5 1554
156 647.5 -1554
157 647.5 -1295
158 647.5 -1036
159 647.5 -777
160 647.5 -518
161 647.5 -259
162 647.5 0
163 647.5 259
164 647.5 518
165 647.5 777
166 647.5 1036
167 647.5 1295
168 647.5 1554
169 906.5 -1554
170 906.5 -1295
171 906.5 -1036
172 906.5 -777
173 906.5 -518
174 906.5 -259
175 906.5 0
176 906.5 259
177 906.5 518
178 906.5 777
179 906.5 1036
180 906.5 1295
181 906.5 1554
182 1165.5 -1554
183 1165.5 -1295
184 1165.5 -1036
185 1165.5 -777
186 1165.5 -518
187 1165.5 -259
188 1165.5 0
189 1165.5 259
190 1165.5 518
191 1165.5 777
192 1165.5 1036
193 1165.5 1295
194 1165.5 1554
195 1424.5 -1554
196 1424.5 -1295
197 1424.5 -1036
198 1424.5 -777
199 1424.5 -518
200 1424.5 -259
201 1424.5 0
202 1424.5 259
203 1424.5 518
204 1424.5 777
205 1424.5 1036
206 1424.5 1295
207 1424.5 1554
208 1683.5 -1554
209 1683.5 -1295
210 1683.5 -1036
211 1683.5 -777
212 1683.5 -518
213 1683.5 -259
214 1683.5 0
215 1683.5 259
216 1683.5 518
217 1683.5 777
218 1683.5 1036
219 1683.5 1295
220 1683.5 1554
221 1942.5 -1554
222 1942.5 -1295
223 1942.5 -1036
224 1942.5 -777
225 1942.5 -518
226 1942.5 -259
227 1942.5 0
228 1942.5 259
229 1942.5 518
230 1942.5 777
231 1942.5 1036
232 1942.5 1295
233 1942.5 1554
234 2201.5 -1554
235 2201.5 -1295
236 2201.5 -1036
237 2201.5 -777
238 2201.5 -518
239 2201.5 -259
240 2201.5 0
241 2201.5 259
242 2201.5 518
243 2201.5 777
244 2201.5 1036
245 2201.5 1295
246 2201.5 1554
247 2460.5 -1554
248 2460.5 -1295
249 2460.5 -1036
250 2460.5 -777
251 2460.5 -518
252 2460.5 -259
253 2460.5 0
254 2460.5 259
255 2460.5 518
256 2460.5 777
257 2460.5 1036
258 2460.5 1295
259 2460.5 1554
