0 -2089.0 1269.0
1 -1255.0 1271.0
2 -418.0 1265.0
3 417.0 1269.0
4 1253.5 1267.0
5 2088.0 1269.0
6 -2088.0 847.0
7 -1255.0 851.0
8 -419.0 846.0
9 417.0 844.0
10 1254.0 843.0
11 2087.5 846.0
12 -2088.0 423.0
13 -1254.0 422.5
14 -418.5 421.5
15 417.5 420.0
16 1254.0 419.0
17 2087.0 422.0
18 -2088.0 -9.0
19 -1254.0 -10.0
20 -418.0 -8.0
21 418.0 -9.0
22 1254.0 -11.0
23 2088.0 -7.0
24 -2088.0 -440.0
25 -1254.0 -443.0
26 -418.0 -436.5
27 418.5 -437.5
28 1254.0 -440.0
29 2087.0 -438.0
30 -2088.0 -867.0
31 -1254.0 -870.0
32 -419.0 -862.0
33 419.5 -864.0
34 1254.5 -864.0
35 2087.5 -867.0
36 -2087.0 -1289.0
37 -1252.5 -1290.0
38 -419.5 -1288.0
39 420.0 -1289.0
40 1255.0 -1287.5
41 2087.0 -1289.0